50 100
   36    33
   15    27
   35    43
   42    36
   21    49
   27    12
    9    40
   26    13
   26    40
   36    22
   18    11
   29    17
   30    32
   23    12
   35    17
    2    29
    8    22
   17    19
    6    43
   42    11
   23    29
   19    21
   37    34
   24    48
   20    15
   26    13
   30    41
   23     6
   20    12
   31    46
   25     5
   27    34
    5    36
   29    46
    7    13
   45    24
   45    32
   17    14
   14    34
    0    43
    8    37
   28    26
   34    38
    1     3
   49     4
   10    32
   18    26
   12    39
   36    26
   39    44
   20    45
   28    34
    1    17
    2    47
   42    17
    6     2
   30     1
   41    36
   39    15
   19    44
   29    40
   17    31
   21    47
   25    31
   27     9
    6    17
    3    47
   15    36
   33     6
   24    19
   21    28
   29    32
   19     3
   18    20
   15     8
   49    40
   23    46
   45    18
    1    46
    5    21
   38    29
   28    14
    0    41
    0    43
   14    34
   14    24
    6    37
   41    43
   15    27
   36     9
    1    32
   28    37
    7    25
   21    24
   45     8
   37    29
   43    35
   28    18
   11    43
   29    28
