3000 3300
    0  2999
 2999  2998
 2998  2997
 2997  2996
 2996  2995
 2995  2994
 2994  2993
 2993  2992
 2992  2991
 2991  2990
 2990  2989
 2989  2988
 2988  2987
 2987  2986
 2986  2985
 2985  2984
 2984  2983
 2983  2982
 2982  2981
 2981  2980
 2980  2979
 2979  2978
 2978  2977
 2977  2976
 2976  2975
 2975  2974
 2974  2973
 2973  2972
 2972  2971
 2971  2970
 2970  2969
 2969  2968
 2968  2967
 2967  2966
 2966  2965
 2965  2964
 2964  2963
 2963  2962
 2962  2961
 2961  2960
 2960  2959
 2959  2958
 2958  2957
 2957  2956
 2956  2955
 2955  2954
 2954  2953
 2953  2952
 2952  2951
 2951  2950
 2950  2949
 2949  2948
 2948  2947
 2947  2946
 2946  2945
 2945  2944
 2944  2943
 2943  2942
 2942  2941
 2941  2940
 2940  2939
 2939  2938
 2938  2937
 2937  2936
 2936  2935
 2935  2934
 2934  2933
 2933  2932
 2932  2931
 2931  2930
 2930  2929
 2929  2928
 2928  2927
 2927  2926
 2926  2925
 2925  2924
 2924  2923
 2923  2922
 2922  2921
 2921  2920
 2920  2919
 2919  2918
 2918  2917
 2917  2916
 2916  2915
 2915  2914
 2914  2913
 2913  2912
 2912  2911
 2911  2910
 2910  2909
 2909  2908
 2908  2907
 2907  2906
 2906  2905
 2905  2904
 2904  2903
 2903  2902
 2902  2901
 2901  2900
 2900  2899
 2899  2898
 2898  2897
 2897  2896
 2896  2895
 2895  2894
 2894  2893
 2893  2892
 2892  2891
 2891  2890
 2890  2889
 2889  2888
 2888  2887
 2887  2886
 2886  2885
 2885  2884
 2884  2883
 2883  2882
 2882  2881
 2881  2880
 2880  2879
 2879  2878
 2878  2877
 2877  2876
 2876  2875
 2875  2874
 2874  2873
 2873  2872
 2872  2871
 2871  2870
 2870  2869
 2869  2868
 2868  2867
 2867  2866
 2866  2865
 2865  2864
 2864  2863
 2863  2862
 2862  2861
 2861  2860
 2860  2859
 2859  2858
 2858  2857
 2857  2856
 2856  2855
 2855  2854
 2854  2853
 2853  2852
 2852  2851
 2851  2850
 2850  2849
 2849  2848
 2848  2847
 2847  2846
 2846  2845
 2845  2844
 2844  2843
 2843  2842
 2842  2841
 2841  2840
 2840  2839
 2839  2838
 2838  2837
 2837  2836
 2836  2835
 2835  2834
 2834  2833
 2833  2832
 2832  2831
 2831  2830
 2830  2829
 2829  2828
 2828  2827
 2827  2826
 2826  2825
 2825  2824
 2824  2823
 2823  2822
 2822  2821
 2821  2820
 2820  2819
 2819  2818
 2818  2817
 2817  2816
 2816  2815
 2815  2814
 2814  2813
 2813  2812
 2812  2811
 2811  2810
 2810  2809
 2809  2808
 2808  2807
 2807  2806
 2806  2805
 2805  2804
 2804  2803
 2803  2802
 2802  2801
 2801  2800
 2800  2799
 2799  2798
 2798  2797
 2797  2796
 2796  2795
 2795  2794
 2794  2793
 2793  2792
 2792  2791
 2791  2790
 2790  2789
 2789  2788
 2788  2787
 2787  2786
 2786  2785
 2785  2784
 2784  2783
 2783  2782
 2782  2781
 2781  2780
 2780  2779
 2779  2778
 2778  2777
 2777  2776
 2776  2775
 2775  2774
 2774  2773
 2773  2772
 2772  2771
 2771  2770
 2770  2769
 2769  2768
 2768  2767
 2767  2766
 2766  2765
 2765  2764
 2764  2763
 2763  2762
 2762  2761
 2761  2760
 2760  2759
 2759  2758
 2758  2757
 2757  2756
 2756  2755
 2755  2754
 2754  2753
 2753  2752
 2752  2751
 2751  2750
 2750  2749
 2749  2748
 2748  2747
 2747  2746
 2746  2745
 2745  2744
 2744  2743
 2743  2742
 2742  2741
 2741  2740
 2740  2739
 2739  2738
 2738  2737
 2737  2736
 2736  2735
 2735  2734
 2734  2733
 2733  2732
 2732  2731
 2731  2730
 2730  2729
 2729  2728
 2728  2727
 2727  2726
 2726  2725
 2725  2724
 2724  2723
 2723  2722
 2722  2721
 2721  2720
 2720  2719
 2719  2718
 2718  2717
 2717  2716
 2716  2715
 2715  2714
 2714  2713
 2713  2712
 2712  2711
 2711  2710
 2710  2709
 2709  2708
 2708  2707
 2707  2706
 2706  2705
 2705  2704
 2704  2703
 2703  2702
 2702  2701
 2701  2700
 2700  2699
 2699  2698
 2698  2697
 2697  2696
 2696  2695
 2695  2694
 2694  2693
 2693  2692
 2692  2691
 2691  2690
 2690  2689
 2689  2688
 2688  2687
 2687  2686
 2686  2685
 2685  2684
 2684  2683
 2683  2682
 2682  2681
 2681  2680
 2680  2679
 2679  2678
 2678  2677
 2677  2676
 2676  2675
 2675  2674
 2674  2673
 2673  2672
 2672  2671
 2671  2670
 2670  2669
 2669  2668
 2668  2667
 2667  2666
 2666  2665
 2665  2664
 2664  2663
 2663  2662
 2662  2661
 2661  2660
 2660  2659
 2659  2658
 2658  2657
 2657  2656
 2656  2655
 2655  2654
 2654  2653
 2653  2652
 2652  2651
 2651  2650
 2650  2649
 2649  2648
 2648  2647
 2647  2646
 2646  2645
 2645  2644
 2644  2643
 2643  2642
 2642  2641
 2641  2640
 2640  2639
 2639  2638
 2638  2637
 2637  2636
 2636  2635
 2635  2634
 2634  2633
 2633  2632
 2632  2631
 2631  2630
 2630  2629
 2629  2628
 2628  2627
 2627  2626
 2626  2625
 2625  2624
 2624  2623
 2623  2622
 2622  2621
 2621  2620
 2620  2619
 2619  2618
 2618  2617
 2617  2616
 2616  2615
 2615  2614
 2614  2613
 2613  2612
 2612  2611
 2611  2610
 2610  2609
 2609  2608
 2608  2607
 2607  2606
 2606  2605
 2605  2604
 2604  2603
 2603  2602
 2602  2601
 2601  2600
 2600  2599
 2599  2598
 2598  2597
 2597  2596
 2596  2595
 2595  2594
 2594  2593
 2593  2592
 2592  2591
 2591  2590
 2590  2589
 2589  2588
 2588  2587
 2587  2586
 2586  2585
 2585  2584
 2584  2583
 2583  2582
 2582  2581
 2581  2580
 2580  2579
 2579  2578
 2578  2577
 2577  2576
 2576  2575
 2575  2574
 2574  2573
 2573  2572
 2572  2571
 2571  2570
 2570  2569
 2569  2568
 2568  2567
 2567  2566
 2566  2565
 2565  2564
 2564  2563
 2563  2562
 2562  2561
 2561  2560
 2560  2559
 2559  2558
 2558  2557
 2557  2556
 2556  2555
 2555  2554
 2554  2553
 2553  2552
 2552  2551
 2551  2550
 2550  2549
 2549  2548
 2548  2547
 2547  2546
 2546  2545
 2545  2544
 2544  2543
 2543  2542
 2542  2541
 2541  2540
 2540  2539
 2539  2538
 2538  2537
 2537  2536
 2536  2535
 2535  2534
 2534  2533
 2533  2532
 2532  2531
 2531  2530
 2530  2529
 2529  2528
 2528  2527
 2527  2526
 2526  2525
 2525  2524
 2524  2523
 2523  2522
 2522  2521
 2521  2520
 2520  2519
 2519  2518
 2518  2517
 2517  2516
 2516  2515
 2515  2514
 2514  2513
 2513  2512
 2512  2511
 2511  2510
 2510  2509
 2509  2508
 2508  2507
 2507  2506
 2506  2505
 2505  2504
 2504  2503
 2503  2502
 2502  2501
 2501  2500
 2500  2499
 2499  2498
 2498  2497
 2497  2496
 2496  2495
 2495  2494
 2494  2493
 2493  2492
 2492  2491
 2491  2490
 2490  2489
 2489  2488
 2488  2487
 2487  2486
 2486  2485
 2485  2484
 2484  2483
 2483  2482
 2482  2481
 2481  2480
 2480  2479
 2479  2478
 2478  2477
 2477  2476
 2476  2475
 2475  2474
 2474  2473
 2473  2472
 2472  2471
 2471  2470
 2470  2469
 2469  2468
 2468  2467
 2467  2466
 2466  2465
 2465  2464
 2464  2463
 2463  2462
 2462  2461
 2461  2460
 2460  2459
 2459  2458
 2458  2457
 2457  2456
 2456  2455
 2455  2454
 2454  2453
 2453  2452
 2452  2451
 2451  2450
 2450  2449
 2449  2448
 2448  2447
 2447  2446
 2446  2445
 2445  2444
 2444  2443
 2443  2442
 2442  2441
 2441  2440
 2440  2439
 2439  2438
 2438  2437
 2437  2436
 2436  2435
 2435  2434
 2434  2433
 2433  2432
 2432  2431
 2431  2430
 2430  2429
 2429  2428
 2428  2427
 2427  2426
 2426  2425
 2425  2424
 2424  2423
 2423  2422
 2422  2421
 2421  2420
 2420  2419
 2419  2418
 2418  2417
 2417  2416
 2416  2415
 2415  2414
 2414  2413
 2413  2412
 2412  2411
 2411  2410
 2410  2409
 2409  2408
 2408  2407
 2407  2406
 2406  2405
 2405  2404
 2404  2403
 2403  2402
 2402  2401
 2401  2400
 2400  2399
 2399  2398
 2398  2397
 2397  2396
 2396  2395
 2395  2394
 2394  2393
 2393  2392
 2392  2391
 2391  2390
 2390  2389
 2389  2388
 2388  2387
 2387  2386
 2386  2385
 2385  2384
 2384  2383
 2383  2382
 2382  2381
 2381  2380
 2380  2379
 2379  2378
 2378  2377
 2377  2376
 2376  2375
 2375  2374
 2374  2373
 2373  2372
 2372  2371
 2371  2370
 2370  2369
 2369  2368
 2368  2367
 2367  2366
 2366  2365
 2365  2364
 2364  2363
 2363  2362
 2362  2361
 2361  2360
 2360  2359
 2359  2358
 2358  2357
 2357  2356
 2356  2355
 2355  2354
 2354  2353
 2353  2352
 2352  2351
 2351  2350
 2350  2349
 2349  2348
 2348  2347
 2347  2346
 2346  2345
 2345  2344
 2344  2343
 2343  2342
 2342  2341
 2341  2340
 2340  2339
 2339  2338
 2338  2337
 2337  2336
 2336  2335
 2335  2334
 2334  2333
 2333  2332
 2332  2331
 2331  2330
 2330  2329
 2329  2328
 2328  2327
 2327  2326
 2326  2325
 2325  2324
 2324  2323
 2323  2322
 2322  2321
 2321  2320
 2320  2319
 2319  2318
 2318  2317
 2317  2316
 2316  2315
 2315  2314
 2314  2313
 2313  2312
 2312  2311
 2311  2310
 2310  2309
 2309  2308
 2308  2307
 2307  2306
 2306  2305
 2305  2304
 2304  2303
 2303  2302
 2302  2301
 2301  2300
 2300  2299
 2299  2298
 2298  2297
 2297  2296
 2296  2295
 2295  2294
 2294  2293
 2293  2292
 2292  2291
 2291  2290
 2290  2289
 2289  2288
 2288  2287
 2287  2286
 2286  2285
 2285  2284
 2284  2283
 2283  2282
 2282  2281
 2281  2280
 2280  2279
 2279  2278
 2278  2277
 2277  2276
 2276  2275
 2275  2274
 2274  2273
 2273  2272
 2272  2271
 2271  2270
 2270  2269
 2269  2268
 2268  2267
 2267  2266
 2266  2265
 2265  2264
 2264  2263
 2263  2262
 2262  2261
 2261  2260
 2260  2259
 2259  2258
 2258  2257
 2257  2256
 2256  2255
 2255  2254
 2254  2253
 2253  2252
 2252  2251
 2251  2250
 2250  2249
 2249  2248
 2248  2247
 2247  2246
 2246  2245
 2245  2244
 2244  2243
 2243  2242
 2242  2241
 2241  2240
 2240  2239
 2239  2238
 2238  2237
 2237  2236
 2236  2235
 2235  2234
 2234  2233
 2233  2232
 2232  2231
 2231  2230
 2230  2229
 2229  2228
 2228  2227
 2227  2226
 2226  2225
 2225  2224
 2224  2223
 2223  2222
 2222  2221
 2221  2220
 2220  2219
 2219  2218
 2218  2217
 2217  2216
 2216  2215
 2215  2214
 2214  2213
 2213  2212
 2212  2211
 2211  2210
 2210  2209
 2209  2208
 2208  2207
 2207  2206
 2206  2205
 2205  2204
 2204  2203
 2203  2202
 2202  2201
 2201  2200
 2200  2199
 2199  2198
 2198  2197
 2197  2196
 2196  2195
 2195  2194
 2194  2193
 2193  2192
 2192  2191
 2191  2190
 2190  2189
 2189  2188
 2188  2187
 2187  2186
 2186  2185
 2185  2184
 2184  2183
 2183  2182
 2182  2181
 2181  2180
 2180  2179
 2179  2178
 2178  2177
 2177  2176
 2176  2175
 2175  2174
 2174  2173
 2173  2172
 2172  2171
 2171  2170
 2170  2169
 2169  2168
 2168  2167
 2167  2166
 2166  2165
 2165  2164
 2164  2163
 2163  2162
 2162  2161
 2161  2160
 2160  2159
 2159  2158
 2158  2157
 2157  2156
 2156  2155
 2155  2154
 2154  2153
 2153  2152
 2152  2151
 2151  2150
 2150  2149
 2149  2148
 2148  2147
 2147  2146
 2146  2145
 2145  2144
 2144  2143
 2143  2142
 2142  2141
 2141  2140
 2140  2139
 2139  2138
 2138  2137
 2137  2136
 2136  2135
 2135  2134
 2134  2133
 2133  2132
 2132  2131
 2131  2130
 2130  2129
 2129  2128
 2128  2127
 2127  2126
 2126  2125
 2125  2124
 2124  2123
 2123  2122
 2122  2121
 2121  2120
 2120  2119
 2119  2118
 2118  2117
 2117  2116
 2116  2115
 2115  2114
 2114  2113
 2113  2112
 2112  2111
 2111  2110
 2110  2109
 2109  2108
 2108  2107
 2107  2106
 2106  2105
 2105  2104
 2104  2103
 2103  2102
 2102  2101
 2101  2100
 2100  2099
 2099  2098
 2098  2097
 2097  2096
 2096  2095
 2095  2094
 2094  2093
 2093  2092
 2092  2091
 2091  2090
 2090  2089
 2089  2088
 2088  2087
 2087  2086
 2086  2085
 2085  2084
 2084  2083
 2083  2082
 2082  2081
 2081  2080
 2080  2079
 2079  2078
 2078  2077
 2077  2076
 2076  2075
 2075  2074
 2074  2073
 2073  2072
 2072  2071
 2071  2070
 2070  2069
 2069  2068
 2068  2067
 2067  2066
 2066  2065
 2065  2064
 2064  2063
 2063  2062
 2062  2061
 2061  2060
 2060  2059
 2059  2058
 2058  2057
 2057  2056
 2056  2055
 2055  2054
 2054  2053
 2053  2052
 2052  2051
 2051  2050
 2050  2049
 2049  2048
 2048  2047
 2047  2046
 2046  2045
 2045  2044
 2044  2043
 2043  2042
 2042  2041
 2041  2040
 2040  2039
 2039  2038
 2038  2037
 2037  2036
 2036  2035
 2035  2034
 2034  2033
 2033  2032
 2032  2031
 2031  2030
 2030  2029
 2029  2028
 2028  2027
 2027  2026
 2026  2025
 2025  2024
 2024  2023
 2023  2022
 2022  2021
 2021  2020
 2020  2019
 2019  2018
 2018  2017
 2017  2016
 2016  2015
 2015  2014
 2014  2013
 2013  2012
 2012  2011
 2011  2010
 2010  2009
 2009  2008
 2008  2007
 2007  2006
 2006  2005
 2005  2004
 2004  2003
 2003  2002
 2002  2001
 2001  2000
 2000  1999
 1999  1998
 1998  1997
 1997  1996
 1996  1995
 1995  1994
 1994  1993
 1993  1992
 1992  1991
 1991  1990
 1990  1989
 1989  1988
 1988  1987
 1987  1986
 1986  1985
 1985  1984
 1984  1983
 1983  1982
 1982  1981
 1981  1980
 1980  1979
 1979  1978
 1978  1977
 1977  1976
 1976  1975
 1975  1974
 1974  1973
 1973  1972
 1972  1971
 1971  1970
 1970  1969
 1969  1968
 1968  1967
 1967  1966
 1966  1965
 1965  1964
 1964  1963
 1963  1962
 1962  1961
 1961  1960
 1960  1959
 1959  1958
 1958  1957
 1957  1956
 1956  1955
 1955  1954
 1954  1953
 1953  1952
 1952  1951
 1951  1950
 1950  1949
 1949  1948
 1948  1947
 1947  1946
 1946  1945
 1945  1944
 1944  1943
 1943  1942
 1942  1941
 1941  1940
 1940  1939
 1939  1938
 1938  1937
 1937  1936
 1936  1935
 1935  1934
 1934  1933
 1933  1932
 1932  1931
 1931  1930
 1930  1929
 1929  1928
 1928  1927
 1927  1926
 1926  1925
 1925  1924
 1924  1923
 1923  1922
 1922  1921
 1921  1920
 1920  1919
 1919  1918
 1918  1917
 1917  1916
 1916  1915
 1915  1914
 1914  1913
 1913  1912
 1912  1911
 1911  1910
 1910  1909
 1909  1908
 1908  1907
 1907  1906
 1906  1905
 1905  1904
 1904  1903
 1903  1902
 1902  1901
 1901  1900
 1900  1899
 1899  1898
 1898  1897
 1897  1896
 1896  1895
 1895  1894
 1894  1893
 1893  1892
 1892  1891
 1891  1890
 1890  1889
 1889  1888
 1888  1887
 1887  1886
 1886  1885
 1885  1884
 1884  1883
 1883  1882
 1882  1881
 1881  1880
 1880  1879
 1879  1878
 1878  1877
 1877  1876
 1876  1875
 1875  1874
 1874  1873
 1873  1872
 1872  1871
 1871  1870
 1870  1869
 1869  1868
 1868  1867
 1867  1866
 1866  1865
 1865  1864
 1864  1863
 1863  1862
 1862  1861
 1861  1860
 1860  1859
 1859  1858
 1858  1857
 1857  1856
 1856  1855
 1855  1854
 1854  1853
 1853  1852
 1852  1851
 1851  1850
 1850  1849
 1849  1848
 1848  1847
 1847  1846
 1846  1845
 1845  1844
 1844  1843
 1843  1842
 1842  1841
 1841  1840
 1840  1839
 1839  1838
 1838  1837
 1837  1836
 1836  1835
 1835  1834
 1834  1833
 1833  1832
 1832  1831
 1831  1830
 1830  1829
 1829  1828
 1828  1827
 1827  1826
 1826  1825
 1825  1824
 1824  1823
 1823  1822
 1822  1821
 1821  1820
 1820  1819
 1819  1818
 1818  1817
 1817  1816
 1816  1815
 1815  1814
 1814  1813
 1813  1812
 1812  1811
 1811  1810
 1810  1809
 1809  1808
 1808  1807
 1807  1806
 1806  1805
 1805  1804
 1804  1803
 1803  1802
 1802  1801
 1801  1800
 1800  1799
 1799  1798
 1798  1797
 1797  1796
 1796  1795
 1795  1794
 1794  1793
 1793  1792
 1792  1791
 1791  1790
 1790  1789
 1789  1788
 1788  1787
 1787  1786
 1786  1785
 1785  1784
 1784  1783
 1783  1782
 1782  1781
 1781  1780
 1780  1779
 1779  1778
 1778  1777
 1777  1776
 1776  1775
 1775  1774
 1774  1773
 1773  1772
 1772  1771
 1771  1770
 1770  1769
 1769  1768
 1768  1767
 1767  1766
 1766  1765
 1765  1764
 1764  1763
 1763  1762
 1762  1761
 1761  1760
 1760  1759
 1759  1758
 1758  1757
 1757  1756
 1756  1755
 1755  1754
 1754  1753
 1753  1752
 1752  1751
 1751  1750
 1750  1749
 1749  1748
 1748  1747
 1747  1746
 1746  1745
 1745  1744
 1744  1743
 1743  1742
 1742  1741
 1741  1740
 1740  1739
 1739  1738
 1738  1737
 1737  1736
 1736  1735
 1735  1734
 1734  1733
 1733  1732
 1732  1731
 1731  1730
 1730  1729
 1729  1728
 1728  1727
 1727  1726
 1726  1725
 1725  1724
 1724  1723
 1723  1722
 1722  1721
 1721  1720
 1720  1719
 1719  1718
 1718  1717
 1717  1716
 1716  1715
 1715  1714
 1714  1713
 1713  1712
 1712  1711
 1711  1710
 1710  1709
 1709  1708
 1708  1707
 1707  1706
 1706  1705
 1705  1704
 1704  1703
 1703  1702
 1702  1701
 1701  1700
 1700  1699
 1699  1698
 1698  1697
 1697  1696
 1696  1695
 1695  1694
 1694  1693
 1693  1692
 1692  1691
 1691  1690
 1690  1689
 1689  1688
 1688  1687
 1687  1686
 1686  1685
 1685  1684
 1684  1683
 1683  1682
 1682  1681
 1681  1680
 1680  1679
 1679  1678
 1678  1677
 1677  1676
 1676  1675
 1675  1674
 1674  1673
 1673  1672
 1672  1671
 1671  1670
 1670  1669
 1669  1668
 1668  1667
 1667  1666
 1666  1665
 1665  1664
 1664  1663
 1663  1662
 1662  1661
 1661  1660
 1660  1659
 1659  1658
 1658  1657
 1657  1656
 1656  1655
 1655  1654
 1654  1653
 1653  1652
 1652  1651
 1651  1650
 1650  1649
 1649  1648
 1648  1647
 1647  1646
 1646  1645
 1645  1644
 1644  1643
 1643  1642
 1642  1641
 1641  1640
 1640  1639
 1639  1638
 1638  1637
 1637  1636
 1636  1635
 1635  1634
 1634  1633
 1633  1632
 1632  1631
 1631  1630
 1630  1629
 1629  1628
 1628  1627
 1627  1626
 1626  1625
 1625  1624
 1624  1623
 1623  1622
 1622  1621
 1621  1620
 1620  1619
 1619  1618
 1618  1617
 1617  1616
 1616  1615
 1615  1614
 1614  1613
 1613  1612
 1612  1611
 1611  1610
 1610  1609
 1609  1608
 1608  1607
 1607  1606
 1606  1605
 1605  1604
 1604  1603
 1603  1602
 1602  1601
 1601  1600
 1600  1599
 1599  1598
 1598  1597
 1597  1596
 1596  1595
 1595  1594
 1594  1593
 1593  1592
 1592  1591
 1591  1590
 1590  1589
 1589  1588
 1588  1587
 1587  1586
 1586  1585
 1585  1584
 1584  1583
 1583  1582
 1582  1581
 1581  1580
 1580  1579
 1579  1578
 1578  1577
 1577  1576
 1576  1575
 1575  1574
 1574  1573
 1573  1572
 1572  1571
 1571  1570
 1570  1569
 1569  1568
 1568  1567
 1567  1566
 1566  1565
 1565  1564
 1564  1563
 1563  1562
 1562  1561
 1561  1560
 1560  1559
 1559  1558
 1558  1557
 1557  1556
 1556  1555
 1555  1554
 1554  1553
 1553  1552
 1552  1551
 1551  1550
 1550  1549
 1549  1548
 1548  1547
 1547  1546
 1546  1545
 1545  1544
 1544  1543
 1543  1542
 1542  1541
 1541  1540
 1540  1539
 1539  1538
 1538  1537
 1537  1536
 1536  1535
 1535  1534
 1534  1533
 1533  1532
 1532  1531
 1531  1530
 1530  1529
 1529  1528
 1528  1527
 1527  1526
 1526  1525
 1525  1524
 1524  1523
 1523  1522
 1522  1521
 1521  1520
 1520  1519
 1519  1518
 1518  1517
 1517  1516
 1516  1515
 1515  1514
 1514  1513
 1513  1512
 1512  1511
 1511  1510
 1510  1509
 1509  1508
 1508  1507
 1507  1506
 1506  1505
 1505  1504
 1504  1503
 1503  1502
 1502  1501
 1501  1500
 1500  1499
 1499  1498
 1498  1497
 1497  1496
 1496  1495
 1495  1494
 1494  1493
 1493  1492
 1492  1491
 1491  1490
 1490  1489
 1489  1488
 1488  1487
 1487  1486
 1486  1485
 1485  1484
 1484  1483
 1483  1482
 1482  1481
 1481  1480
 1480  1479
 1479  1478
 1478  1477
 1477  1476
 1476  1475
 1475  1474
 1474  1473
 1473  1472
 1472  1471
 1471  1470
 1470  1469
 1469  1468
 1468  1467
 1467  1466
 1466  1465
 1465  1464
 1464  1463
 1463  1462
 1462  1461
 1461  1460
 1460  1459
 1459  1458
 1458  1457
 1457  1456
 1456  1455
 1455  1454
 1454  1453
 1453  1452
 1452  1451
 1451  1450
 1450  1449
 1449  1448
 1448  1447
 1447  1446
 1446  1445
 1445  1444
 1444  1443
 1443  1442
 1442  1441
 1441  1440
 1440  1439
 1439  1438
 1438  1437
 1437  1436
 1436  1435
 1435  1434
 1434  1433
 1433  1432
 1432  1431
 1431  1430
 1430  1429
 1429  1428
 1428  1427
 1427  1426
 1426  1425
 1425  1424
 1424  1423
 1423  1422
 1422  1421
 1421  1420
 1420  1419
 1419  1418
 1418  1417
 1417  1416
 1416  1415
 1415  1414
 1414  1413
 1413  1412
 1412  1411
 1411  1410
 1410  1409
 1409  1408
 1408  1407
 1407  1406
 1406  1405
 1405  1404
 1404  1403
 1403  1402
 1402  1401
 1401  1400
 1400  1399
 1399  1398
 1398  1397
 1397  1396
 1396  1395
 1395  1394
 1394  1393
 1393  1392
 1392  1391
 1391  1390
 1390  1389
 1389  1388
 1388  1387
 1387  1386
 1386  1385
 1385  1384
 1384  1383
 1383  1382
 1382  1381
 1381  1380
 1380  1379
 1379  1378
 1378  1377
 1377  1376
 1376  1375
 1375  1374
 1374  1373
 1373  1372
 1372  1371
 1371  1370
 1370  1369
 1369  1368
 1368  1367
 1367  1366
 1366  1365
 1365  1364
 1364  1363
 1363  1362
 1362  1361
 1361  1360
 1360  1359
 1359  1358
 1358  1357
 1357  1356
 1356  1355
 1355  1354
 1354  1353
 1353  1352
 1352  1351
 1351  1350
 1350  1349
 1349  1348
 1348  1347
 1347  1346
 1346  1345
 1345  1344
 1344  1343
 1343  1342
 1342  1341
 1341  1340
 1340  1339
 1339  1338
 1338  1337
 1337  1336
 1336  1335
 1335  1334
 1334  1333
 1333  1332
 1332  1331
 1331  1330
 1330  1329
 1329  1328
 1328  1327
 1327  1326
 1326  1325
 1325  1324
 1324  1323
 1323  1322
 1322  1321
 1321  1320
 1320  1319
 1319  1318
 1318  1317
 1317  1316
 1316  1315
 1315  1314
 1314  1313
 1313  1312
 1312  1311
 1311  1310
 1310  1309
 1309  1308
 1308  1307
 1307  1306
 1306  1305
 1305  1304
 1304  1303
 1303  1302
 1302  1301
 1301  1300
 1300  1299
 1299  1298
 1298  1297
 1297  1296
 1296  1295
 1295  1294
 1294  1293
 1293  1292
 1292  1291
 1291  1290
 1290  1289
 1289  1288
 1288  1287
 1287  1286
 1286  1285
 1285  1284
 1284  1283
 1283  1282
 1282  1281
 1281  1280
 1280  1279
 1279  1278
 1278  1277
 1277  1276
 1276  1275
 1275  1274
 1274  1273
 1273  1272
 1272  1271
 1271  1270
 1270  1269
 1269  1268
 1268  1267
 1267  1266
 1266  1265
 1265  1264
 1264  1263
 1263  1262
 1262  1261
 1261  1260
 1260  1259
 1259  1258
 1258  1257
 1257  1256
 1256  1255
 1255  1254
 1254  1253
 1253  1252
 1252  1251
 1251  1250
 1250  1249
 1249  1248
 1248  1247
 1247  1246
 1246  1245
 1245  1244
 1244  1243
 1243  1242
 1242  1241
 1241  1240
 1240  1239
 1239  1238
 1238  1237
 1237  1236
 1236  1235
 1235  1234
 1234  1233
 1233  1232
 1232  1231
 1231  1230
 1230  1229
 1229  1228
 1228  1227
 1227  1226
 1226  1225
 1225  1224
 1224  1223
 1223  1222
 1222  1221
 1221  1220
 1220  1219
 1219  1218
 1218  1217
 1217  1216
 1216  1215
 1215  1214
 1214  1213
 1213  1212
 1212  1211
 1211  1210
 1210  1209
 1209  1208
 1208  1207
 1207  1206
 1206  1205
 1205  1204
 1204  1203
 1203  1202
 1202  1201
 1201  1200
 1200  1199
 1199  1198
 1198  1197
 1197  1196
 1196  1195
 1195  1194
 1194  1193
 1193  1192
 1192  1191
 1191  1190
 1190  1189
 1189  1188
 1188  1187
 1187  1186
 1186  1185
 1185  1184
 1184  1183
 1183  1182
 1182  1181
 1181  1180
 1180  1179
 1179  1178
 1178  1177
 1177  1176
 1176  1175
 1175  1174
 1174  1173
 1173  1172
 1172  1171
 1171  1170
 1170  1169
 1169  1168
 1168  1167
 1167  1166
 1166  1165
 1165  1164
 1164  1163
 1163  1162
 1162  1161
 1161  1160
 1160  1159
 1159  1158
 1158  1157
 1157  1156
 1156  1155
 1155  1154
 1154  1153
 1153  1152
 1152  1151
 1151  1150
 1150  1149
 1149  1148
 1148  1147
 1147  1146
 1146  1145
 1145  1144
 1144  1143
 1143  1142
 1142  1141
 1141  1140
 1140  1139
 1139  1138
 1138  1137
 1137  1136
 1136  1135
 1135  1134
 1134  1133
 1133  1132
 1132  1131
 1131  1130
 1130  1129
 1129  1128
 1128  1127
 1127  1126
 1126  1125
 1125  1124
 1124  1123
 1123  1122
 1122  1121
 1121  1120
 1120  1119
 1119  1118
 1118  1117
 1117  1116
 1116  1115
 1115  1114
 1114  1113
 1113  1112
 1112  1111
 1111  1110
 1110  1109
 1109  1108
 1108  1107
 1107  1106
 1106  1105
 1105  1104
 1104  1103
 1103  1102
 1102  1101
 1101  1100
 1100  1099
 1099  1098
 1098  1097
 1097  1096
 1096  1095
 1095  1094
 1094  1093
 1093  1092
 1092  1091
 1091  1090
 1090  1089
 1089  1088
 1088  1087
 1087  1086
 1086  1085
 1085  1084
 1084  1083
 1083  1082
 1082  1081
 1081  1080
 1080  1079
 1079  1078
 1078  1077
 1077  1076
 1076  1075
 1075  1074
 1074  1073
 1073  1072
 1072  1071
 1071  1070
 1070  1069
 1069  1068
 1068  1067
 1067  1066
 1066  1065
 1065  1064
 1064  1063
 1063  1062
 1062  1061
 1061  1060
 1060  1059
 1059  1058
 1058  1057
 1057  1056
 1056  1055
 1055  1054
 1054  1053
 1053  1052
 1052  1051
 1051  1050
 1050  1049
 1049  1048
 1048  1047
 1047  1046
 1046  1045
 1045  1044
 1044  1043
 1043  1042
 1042  1041
 1041  1040
 1040  1039
 1039  1038
 1038  1037
 1037  1036
 1036  1035
 1035  1034
 1034  1033
 1033  1032
 1032  1031
 1031  1030
 1030  1029
 1029  1028
 1028  1027
 1027  1026
 1026  1025
 1025  1024
 1024  1023
 1023  1022
 1022  1021
 1021  1020
 1020  1019
 1019  1018
 1018  1017
 1017  1016
 1016  1015
 1015  1014
 1014  1013
 1013  1012
 1012  1011
 1011  1010
 1010  1009
 1009  1008
 1008  1007
 1007  1006
 1006  1005
 1005  1004
 1004  1003
 1003  1002
 1002  1001
 1001  1000
 1000   999
  999   998
  998   997
  997   996
  996   995
  995   994
  994   993
  993   992
  992   991
  991   990
  990   989
  989   988
  988   987
  987   986
  986   985
  985   984
  984   983
  983   982
  982   981
  981   980
  980   979
  979   978
  978   977
  977   976
  976   975
  975   974
  974   973
  973   972
  972   971
  971   970
  970   969
  969   968
  968   967
  967   966
  966   965
  965   964
  964   963
  963   962
  962   961
  961   960
  960   959
  959   958
  958   957
  957   956
  956   955
  955   954
  954   953
  953   952
  952   951
  951   950
  950   949
  949   948
  948   947
  947   946
  946   945
  945   944
  944   943
  943   942
  942   941
  941   940
  940   939
  939   938
  938   937
  937   936
  936   935
  935   934
  934   933
  933   932
  932   931
  931   930
  930   929
  929   928
  928   927
  927   926
  926   925
  925   924
  924   923
  923   922
  922   921
  921   920
  920   919
  919   918
  918   917
  917   916
  916   915
  915   914
  914   913
  913   912
  912   911
  911   910
  910   909
  909   908
  908   907
  907   906
  906   905
  905   904
  904   903
  903   902
  902   901
  901   900
  900   899
  899   898
  898   897
  897   896
  896   895
  895   894
  894   893
  893   892
  892   891
  891   890
  890   889
  889   888
  888   887
  887   886
  886   885
  885   884
  884   883
  883   882
  882   881
  881   880
  880   879
  879   878
  878   877
  877   876
  876   875
  875   874
  874   873
  873   872
  872   871
  871   870
  870   869
  869   868
  868   867
  867   866
  866   865
  865   864
  864   863
  863   862
  862   861
  861   860
  860   859
  859   858
  858   857
  857   856
  856   855
  855   854
  854   853
  853   852
  852   851
  851   850
  850   849
  849   848
  848   847
  847   846
  846   845
  845   844
  844   843
  843   842
  842   841
  841   840
  840   839
  839   838
  838   837
  837   836
  836   835
  835   834
  834   833
  833   832
  832   831
  831   830
  830   829
  829   828
  828   827
  827   826
  826   825
  825   824
  824   823
  823   822
  822   821
  821   820
  820   819
  819   818
  818   817
  817   816
  816   815
  815   814
  814   813
  813   812
  812   811
  811   810
  810   809
  809   808
  808   807
  807   806
  806   805
  805   804
  804   803
  803   802
  802   801
  801   800
  800   799
  799   798
  798   797
  797   796
  796   795
  795   794
  794   793
  793   792
  792   791
  791   790
  790   789
  789   788
  788   787
  787   786
  786   785
  785   784
  784   783
  783   782
  782   781
  781   780
  780   779
  779   778
  778   777
  777   776
  776   775
  775   774
  774   773
  773   772
  772   771
  771   770
  770   769
  769   768
  768   767
  767   766
  766   765
  765   764
  764   763
  763   762
  762   761
  761   760
  760   759
  759   758
  758   757
  757   756
  756   755
  755   754
  754   753
  753   752
  752   751
  751   750
  750   749
  749   748
  748   747
  747   746
  746   745
  745   744
  744   743
  743   742
  742   741
  741   740
  740   739
  739   738
  738   737
  737   736
  736   735
  735   734
  734   733
  733   732
  732   731
  731   730
  730   729
  729   728
  728   727
  727   726
  726   725
  725   724
  724   723
  723   722
  722   721
  721   720
  720   719
  719   718
  718   717
  717   716
  716   715
  715   714
  714   713
  713   712
  712   711
  711   710
  710   709
  709   708
  708   707
  707   706
  706   705
  705   704
  704   703
  703   702
  702   701
  701   700
  700   699
  699   698
  698   697
  697   696
  696   695
  695   694
  694   693
  693   692
  692   691
  691   690
  690   689
  689   688
  688   687
  687   686
  686   685
  685   684
  684   683
  683   682
  682   681
  681   680
  680   679
  679   678
  678   677
  677   676
  676   675
  675   674
  674   673
  673   672
  672   671
  671   670
  670   669
  669   668
  668   667
  667   666
  666   665
  665   664
  664   663
  663   662
  662   661
  661   660
  660   659
  659   658
  658   657
  657   656
  656   655
  655   654
  654   653
  653   652
  652   651
  651   650
  650   649
  649   648
  648   647
  647   646
  646   645
  645   644
  644   643
  643   642
  642   641
  641   640
  640   639
  639   638
  638   637
  637   636
  636   635
  635   634
  634   633
  633   632
  632   631
  631   630
  630   629
  629   628
  628   627
  627   626
  626   625
  625   624
  624   623
  623   622
  622   621
  621   620
  620   619
  619   618
  618   617
  617   616
  616   615
  615   614
  614   613
  613   612
  612   611
  611   610
  610   609
  609   608
  608   607
  607   606
  606   605
  605   604
  604   603
  603   602
  602   601
  601   600
  600   599
  599   598
  598   597
  597   596
  596   595
  595   594
  594   593
  593   592
  592   591
  591   590
  590   589
  589   588
  588   587
  587   586
  586   585
  585   584
  584   583
  583   582
  582   581
  581   580
  580   579
  579   578
  578   577
  577   576
  576   575
  575   574
  574   573
  573   572
  572   571
  571   570
  570   569
  569   568
  568   567
  567   566
  566   565
  565   564
  564   563
  563   562
  562   561
  561   560
  560   559
  559   558
  558   557
  557   556
  556   555
  555   554
  554   553
  553   552
  552   551
  551   550
  550   549
  549   548
  548   547
  547   546
  546   545
  545   544
  544   543
  543   542
  542   541
  541   540
  540   539
  539   538
  538   537
  537   536
  536   535
  535   534
  534   533
  533   532
  532   531
  531   530
  530   529
  529   528
  528   527
  527   526
  526   525
  525   524
  524   523
  523   522
  522   521
  521   520
  520   519
  519   518
  518   517
  517   516
  516   515
  515   514
  514   513
  513   512
  512   511
  511   510
  510   509
  509   508
  508   507
  507   506
  506   505
  505   504
  504   503
  503   502
  502   501
  501   500
  500   499
  499   498
  498   497
  497   496
  496   495
  495   494
  494   493
  493   492
  492   491
  491   490
  490   489
  489   488
  488   487
  487   486
  486   485
  485   484
  484   483
  483   482
  482   481
  481   480
  480   479
  479   478
  478   477
  477   476
  476   475
  475   474
  474   473
  473   472
  472   471
  471   470
  470   469
  469   468
  468   467
  467   466
  466   465
  465   464
  464   463
  463   462
  462   461
  461   460
  460   459
  459   458
  458   457
  457   456
  456   455
  455   454
  454   453
  453   452
  452   451
  451   450
  450   449
  449   448
  448   447
  447   446
  446   445
  445   444
  444   443
  443   442
  442   441
  441   440
  440   439
  439   438
  438   437
  437   436
  436   435
  435   434
  434   433
  433   432
  432   431
  431   430
  430   429
  429   428
  428   427
  427   426
  426   425
  425   424
  424   423
  423   422
  422   421
  421   420
  420   419
  419   418
  418   417
  417   416
  416   415
  415   414
  414   413
  413   412
  412   411
  411   410
  410   409
  409   408
  408   407
  407   406
  406   405
  405   404
  404   403
  403   402
  402   401
  401   400
  400   399
  399   398
  398   397
  397   396
  396   395
  395   394
  394   393
  393   392
  392   391
  391   390
  390   389
  389   388
  388   387
  387   386
  386   385
  385   384
  384   383
  383   382
  382   381
  381   380
  380   379
  379   378
  378   377
  377   376
  376   375
  375   374
  374   373
  373   372
  372   371
  371   370
  370   369
  369   368
  368   367
  367   366
  366   365
  365   364
  364   363
  363   362
  362   361
  361   360
  360   359
  359   358
  358   357
  357   356
  356   355
  355   354
  354   353
  353   352
  352   351
  351   350
  350   349
  349   348
  348   347
  347   346
  346   345
  345   344
  344   343
  343   342
  342   341
  341   340
  340   339
  339   338
  338   337
  337   336
  336   335
  335   334
  334   333
  333   332
  332   331
  331   330
  330   329
  329   328
  328   327
  327   326
  326   325
  325   324
  324   323
  323   322
  322   321
  321   320
  320   319
  319   318
  318   317
  317   316
  316   315
  315   314
  314   313
  313   312
  312   311
  311   310
  310   309
  309   308
  308   307
  307   306
  306   305
  305   304
  304   303
  303   302
  302   301
  301   300
  300   299
  299   298
  298   297
  297   296
  296   295
  295   294
  294   293
  293   292
  292   291
  291   290
  290   289
  289   288
  288   287
  287   286
  286   285
  285   284
  284   283
  283   282
  282   281
  281   280
  280   279
  279   278
  278   277
  277   276
  276   275
  275   274
  274   273
  273   272
  272   271
  271   270
  270   269
  269   268
  268   267
  267   266
  266   265
  265   264
  264   263
  263   262
  262   261
  261   260
  260   259
  259   258
  258   257
  257   256
  256   255
  255   254
  254   253
  253   252
  252   251
  251   250
  250   249
  249   248
  248   247
  247   246
  246   245
  245   244
  244   243
  243   242
  242   241
  241   240
  240   239
  239   238
  238   237
  237   236
  236   235
  235   234
  234   233
  233   232
  232   231
  231   230
  230   229
  229   228
  228   227
  227   226
  226   225
  225   224
  224   223
  223   222
  222   221
  221   220
  220   219
  219   218
  218   217
  217   216
  216   215
  215   214
  214   213
  213   212
  212   211
  211   210
  210   209
  209   208
  208   207
  207   206
  206   205
  205   204
  204   203
  203   202
  202   201
  201   200
  200   199
  199   198
  198   197
  197   196
  196   195
  195   194
  194   193
  193   192
  192   191
  191   190
  190   189
  189   188
  188   187
  187   186
  186   185
  185   184
  184   183
  183   182
  182   181
  181   180
  180   179
  179   178
  178   177
  177   176
  176   175
  175   174
  174   173
  173   172
  172   171
  171   170
  170   169
  169   168
  168   167
  167   166
  166   165
  165   164
  164   163
  163   162
  162   161
  161   160
  160   159
  159   158
  158   157
  157   156
  156   155
  155   154
  154   153
  153   152
  152   151
  151   150
  150   149
  149   148
  148   147
  147   146
  146   145
  145   144
  144   143
  143   142
  142   141
  141   140
  140   139
  139   138
  138   137
  137   136
  136   135
  135   134
  134   133
  133   132
  132   131
  131   130
  130   129
  129   128
  128   127
  127   126
  126   125
  125   124
  124   123
  123   122
  122   121
  121   120
  120   119
  119   118
  118   117
  117   116
  116   115
  115   114
  114   113
  113   112
  112   111
  111   110
  110   109
  109   108
  108   107
  107   106
  106   105
  105   104
  104   103
  103   102
  102   101
  101   100
  100    99
   99    98
   98    97
   97    96
   96    95
   95    94
   94    93
   93    92
   92    91
   91    90
   90    89
   89    88
   88    87
   87    86
   86    85
   85    84
   84    83
   83    82
   82    81
   81    80
   80    79
   79    78
   78    77
   77    76
   76    75
   75    74
   74    73
   73    72
   72    71
   71    70
   70    69
   69    68
   68    67
   67    66
   66    65
   65    64
   64    63
   63    62
   62    61
   61    60
   60    59
   59    58
   58    57
   57    56
   56    55
   55    54
   54    53
   53    52
   52    51
   51    50
   50    49
   49    48
   48    47
   47    46
   46    45
   45    44
   44    43
   43    42
   42    41
   41    40
   40    39
   39    38
   38    37
   37    36
   36    35
   35    34
   34    33
   33    32
   32    31
   31    30
   30    29
   29    28
   28    27
   27    26
   26    25
   25    24
   24    23
   23    22
   22    21
   21    20
   20    19
   19    18
   18    17
   17    16
   16    15
   15    14
   14    13
   13    12
   12    11
   11    10
   10     9
    9     8
    8     7
    7     6
    6     5
    5     4
    4     3
    3     2
    2     1
    1     0
  886  2383
 1915   777
 2335  1793
  492  2386
  421  2649
 1027   362
 2059  2690
 2926  1763
  426   540
  736   172
  368  1211
  429   567
  530   782
 1123  1862
 1135    67
 2802   929
 2058  2022
 1167  2069
 1456  1393
 1042  2011
 2373  2229
 1919  2421
 1537  1784
 2324  2198
 2370  2315
  526   413
  980    91
  873   956
  170  1862
 2281  1996
 2925  1305
  327  2084
 1505  2336
  729  1846
  857   313
 2895  2124
 1545   582
 2367  1814
 1364   434
 2750  2043
 2808  1087
 1178   276
 1584   788
 2651  2403
 1399  1754
   60  1932
 1368  1676
 1012   739
 2586   226
  539  2094
 1570   795
 1378   434
 2601   467
  902  1097
  492  1317
 2756   652
 1280   301
 1441  1286
  689  2865
 1619  1444
  729  2440
 1117  2031
 2771  2097
 2675  2481
 1927  2709
  856   567
 1353   497
  965  2586
  683  1306
 2624  2219
 2871  1528
 1829  2732
 1019  1503
 1368   270
 1715  1708
 1149   340
 2723  2796
 2245  2618
 2451  2846
 2555  1921
 2488  1379
 2228   764
  350   841
 2500   193
 2764  1034
 2914  2124
 1856  2987
 1491  1743
 2365   227
 1936  2859
  551  1432
 1228   437
  407   275
  121   474
 2395  2858
 1237    29
  793  2235
  428   818
 1011  1143
 2529  2928
 2404   776
  763  2443
 1538  1613
 1840  2606
 2818   904
 2688  1128
 1917   369
  996   917
 1743  2324
 2183  1470
 1499  1490
  725   772
 1590  2644
 1139  1505
 1786  2954
 1082   669
  464  1542
  507  2197
 1804  2355
  611  2348
  828  1622
 2343   299
 1568  2746
 2422   340
 1810   311
 1801  1605
 2730   661
  305  2878
 1736  1320
 1626  1444
 2465   522
 2416  2708
 2258   282
 2637  2924
 2624  1062
   36   600
  899   452
  550  2379
   71  2468
  131  2973
 1930  1881
 2894  1933
 2163  1660
 2981   199
 1996   899
 1773  1959
 1668  1813
 2095  1190
 1466   926
 2340  2084
 2684  1090
 1542  2376
 2107   936
  756  2445
 2418  2179
 1412   887
  172  1348
    9  1659
 2210  2336
  587   342
 2301  1206
  372  2713
 1255  1321
 2599  2819
 1904  2721
  811  1939
 1667  1940
  228  2705
 2150  1127
  658   984
 2224  1920
  269  2422
 1081  2396
 2084   630
  972   292
 1850  2672
 2385   625
 2299  2222
 2042   640
  713  1898
 1190  1298
  590  1524
 1581   209
 1336   819
 2155   732
    4  1994
 1769  1379
  776   273
 1255  2850
  142  2860
 2884  2579
  205  1993
 1567  2621
  613  2504
 1754   961
 2259  1326
  202  2944
  506   202
 1021  1784
 2868  1842
 1189   528
 1908  2872
  498  2958
 2808    36
  248  1753
 1333   303
 2648   133
 2754  1890
 1746  1567
 2529   368
 2046   500
  797  1788
 1990  2249
 1033  1303
  497   363
  892  1253
 1125  1686
 1996   152
  188  1975
  729  2157
 2460   436
  921  2414
 1304  2460
 1027  1028
 1748    50
  902   556
 2697   794
   43  1699
    2  2039
 2403  1428
 2681   500
 2538   647
 1151  1159
  134  1535
  692  1339
 2127  1215
  629   504
 2964    49
 1429  2285
 2335  1343
 1900   177
  971   238
 2289  1949
  988  1367
 2795  2292
  144   743
 1390  2829
 1340  2682
 1569  2541
 1232  1826
   42  2261
  117   360
  761  1023
  309    81
 1425  2190
 2367  2996
  234   677
 2626   690
 2057  2524
 2168   614
 1358  2205
 2386  2312
 2346   100
 2994   726
 2552   916
  529  1578
 2290  2946
  970   647
 1080    51
 2593  1631
 1627  2857
  886  2312
  355  2214
 2090   512
 1479  2412
 1969  1610
 1274   189
  641  1355
 2433   620
 1888   987
 2566  2338
 2284  2770
  417  1856
 2260   606
 2237  1849
 2059  2205
 1518  1217
  783  2945
  458  1873
 1637  2873
 1483  2289
 2478   607
 2314  2757
  729   471
 1459  2100
 1438  2618
 2388  1025
  233  1074
 1681   157
 2358  2493
